4.20063659951e-07
4.21028011481e-07
4.21997613793e-07
4.22972502229e-07
4.23952712446e-07
4.24938280416e-07
4.25929242429e-07
4.26925635101e-07
4.27927495371e-07
4.28934860511e-07
4.29947768124e-07
4.30966256151e-07
4.31990362873e-07
4.33020126915e-07
4.34055587251e-07
4.35096783207e-07
4.36143754462e-07
4.37196541056e-07
4.38255183393e-07
4.39319722244e-07
4.40390198749e-07
4.41466654427e-07
4.42549131173e-07
4.43637671268e-07
4.44732317379e-07
4.45833112566e-07
4.46940100286e-07
4.48053324395e-07
4.49172829157e-07
4.50298659242e-07
4.51430859738e-07
4.5256947615e-07
4.53714554406e-07
4.54866140864e-07
4.56024282314e-07
4.57189025984e-07
4.58360419546e-07
4.59538511119e-07
4.60723349274e-07
4.61914983043e-07
4.63113461918e-07
4.64318835862e-07
4.65531155311e-07
4.66750471181e-07
4.67976834871e-07
4.69210298272e-07
4.70450913771e-07
4.71698734255e-07
4.72953813122e-07
4.74216204279e-07
4.75485962154e-07
4.76763141702e-07
4.78047798408e-07
4.79339988294e-07
4.80639767926e-07
4.81947194422e-07
4.83262325454e-07
4.8458521926e-07
4.85915934644e-07
4.87254530991e-07
4.88601068265e-07
4.89955607025e-07
4.91318208422e-07
4.92688934215e-07
4.94067846775e-07
4.95455009088e-07
4.9685048477e-07
4.98254338067e-07
4.9966663387e-07
5.01087437718e-07
5.02516815806e-07
5.03954834993e-07
5.05401562812e-07
5.06857067478e-07
5.08321417894e-07
5.09794683659e-07
5.11276935082e-07
5.12768243184e-07
5.1426867971e-07
5.15778317139e-07
5.17297228688e-07
5.18825488329e-07
5.2036317079e-07
5.21910351571e-07
5.23467106949e-07
5.25033513992e-07
5.26609650561e-07
5.28195595332e-07
5.29791427797e-07
5.31397228273e-07
5.33013077922e-07
5.34639058752e-07
5.36275253631e-07
5.37921746302e-07
5.39578621387e-07
5.41245964402e-07
5.4292386177e-07
5.44612400827e-07
5.46311669841e-07
5.48021758018e-07
5.49742755517e-07
5.5147475346e-07
5.53217843948e-07
5.5497212007e-07
5.56737675919e-07
5.58514606601e-07
5.60303008253e-07
5.62102978053e-07
5.63914614236e-07
5.65738016103e-07
5.67573284041e-07
5.69420519537e-07
5.71279825186e-07
5.73151304714e-07
5.75035062985e-07
5.76931206024e-07
5.78839841025e-07
5.80761076375e-07
5.82695021659e-07
5.84641787688e-07
5.86601486506e-07
5.88574231412e-07
5.90560136974e-07
5.92559319049e-07
5.94571894797e-07
5.96597982704e-07
5.98637702592e-07
6.00691175646e-07
6.02758524427e-07
6.04839872893e-07
6.06935346416e-07
6.09045071804e-07
6.11169177323e-07
6.13307792711e-07
6.15461049203e-07
6.17629079549e-07
6.19812018039e-07
6.22010000521e-07
6.24223164424e-07
6.2645164878e-07
6.28695594249e-07
6.30955143137e-07
6.33230439423e-07
6.35521628784e-07
6.37828858615e-07
6.40152278055e-07
6.42492038015e-07
6.44848291198e-07
6.47221192131e-07
6.49610897184e-07
6.52017564604e-07
6.54441354536e-07
6.56882429055e-07
6.59340952192e-07
6.61817089961e-07
6.64311010391e-07
6.66822883557e-07
6.69352881602e-07
6.71901178777e-07
6.74467951465e-07
6.77053378219e-07
6.79657639788e-07
6.82280919151e-07
6.84923401556e-07
6.87585274544e-07
6.90266727996e-07
6.92967954152e-07
6.95689147663e-07
6.98430505617e-07
7.01192227579e-07
7.0397451563e-07
7.067775744e-07
7.09601611115e-07
7.1244683563e-07
7.15313460473e-07
7.18201700884e-07
7.21111774855e-07
7.24043903183e-07
7.26998309496e-07
7.29975220315e-07
7.32974865085e-07
7.3599747623e-07
7.39043289194e-07
7.42112542493e-07
7.45205477757e-07
7.48322339789e-07
7.51463376602e-07
7.54628839485e-07
7.57818983042e-07
7.61034065254e-07
7.64274347526e-07
7.6754009475e-07
7.70831575352e-07
7.74149061358e-07
7.77492828444e-07
7.80863156001e-07
7.84260327196e-07
7.87684629027e-07
7.91136352391e-07
7.9461579215e-07
7.98123247191e-07
8.01659020494e-07
8.05223419201e-07
8.08816754683e-07
8.12439342616e-07
8.16091503044e-07
8.1977356046e-07
8.23485843875e-07
8.27228686898e-07
8.31002427812e-07
8.34807409653e-07
8.38643980292e-07
8.42512492513e-07
8.46413304104e-07
8.50346777937e-07
8.54313282057e-07
8.58313189772e-07
8.62346879743e-07
8.66414736078e-07
8.70517148423e-07
8.74654512063e-07
8.78827228019e-07
8.8303570315e-07
8.87280350248e-07
8.91561588155e-07
8.95879841861e-07
9.00235542614e-07
9.04629128038e-07
9.09061042239e-07
9.13531735922e-07
9.18041666514e-07
9.22591298285e-07
9.27181102464e-07
9.31811557375e-07
9.36483148559e-07
9.41196368908e-07
9.45951718802e-07
9.50749706241e-07
9.5559084699e-07
9.60475664721e-07
9.65404691158e-07
9.70378466227e-07
9.75397538211e-07
9.80462463907e-07
9.8557380878e-07
9.9073214713e-07
9.9593806226e-07
1.00119214665e-06
1.00649500211e-06
1.01184723999e-06
1.01724948135e-06
1.02270235713e-06
1.02820650835e-06
1.03376258633e-06
1.03937125285e-06
1.04503318037e-06
1.05074905224e-06
1.05651956292e-06
1.06234541819e-06
1.06822733537e-06
1.07416604354e-06
1.08016228379e-06
1.08621680948e-06
1.09233038641e-06
1.09850379316e-06
1.10473782129e-06
1.1110332756e-06
1.11739097443e-06
1.12381174992e-06
1.13029644829e-06
1.13684593012e-06
1.14346107066e-06
1.15014276012e-06
1.15689190398e-06
1.16370942332e-06
1.17059625513e-06
1.17755335265e-06
1.18458168569e-06
1.19168224103e-06
1.1988560227e-06
1.20610405243e-06
1.21342736996e-06
1.22082703347e-06
1.22830411992e-06
1.23585972552e-06
1.24349496609e-06
1.25121097754e-06
1.25900891623e-06
1.26688995948e-06
1.27485530602e-06
1.28290617643e-06
1.29104381364e-06
1.29926948343e-06
1.30758447493e-06
1.31599010113e-06
1.32448769945e-06
1.33307863225e-06
1.34176428739e-06
1.35054607885e-06
1.35942544728e-06
1.36840386065e-06
1.3774828148e-06
1.38666383419e-06
1.39594847245e-06
1.40533831314e-06
1.4148349704e-06
1.42444008968e-06
1.43415534846e-06
1.44398245702e-06
1.45392315921e-06
1.46397923325e-06
1.47415249251e-06
1.48444478643e-06
1.49485800131e-06
1.50539406122e-06
1.51605492893e-06
1.52684260685e-06
1.53775913798e-06
1.54880660691e-06
1.55998714083e-06
1.57130291062e-06
1.5827561319e-06
1.59434906617e-06
1.6060840219e-06
1.6179633558e-06
1.62998947395e-06
1.64216483312e-06
1.654491942e-06
1.66697336258e-06
1.67961171146e-06
1.69240966132e-06
1.70536994233e-06
1.71849534364e-06
1.73178871495e-06
1.74525296807e-06
1.75889107858e-06
1.7727060875e-06
1.78670110301e-06
1.8008793023e-06
1.81524393337e-06
1.82979831694e-06
1.84454584845e-06
1.85949000005e-06
1.87463432273e-06
1.88998244847e-06
1.90553809243e-06
1.92130505535e-06
1.93728722581e-06
1.95348858279e-06
1.96991319813e-06
1.9865652392e-06
2.00344897157e-06
2.02056876184e-06
2.0379290805e-06
2.05553450493e-06
2.07338972251e-06
2.09149953375e-06
2.10986885566e-06
2.12850272512e-06
2.14740630242e-06
2.16658487494e-06
2.18604386088e-06
2.2057888132e-06
2.22582542369e-06
2.24615952711e-06
2.26679710558e-06
2.28774429304e-06
2.30900737992e-06
2.33059281796e-06
2.3525072252e-06
2.3747573912e-06
2.39735028232e-06
2.42029304737e-06
2.44359302335e-06
2.46725774142e-06
2.49129493312e-06
2.51571253681e-06
2.54051870436e-06
2.56572180808e-06
2.5913304479e-06
2.61735345888e-06
2.64379991896e-06
2.67067915703e-06
2.69800076128e-06
2.72577458797e-06
2.7540107704e-06
2.7827197284e-06
2.81191217805e-06
2.8415991419e-06
2.87179195952e-06
2.90250229853e-06
2.93374216609e-06
2.96552392078e-06
2.99786028508e-06
3.03076435826e-06
3.06424962991e-06
3.09832999393e-06
3.13301976323e-06
3.16833368496e-06
3.20428695641e-06
3.24089524163e-06
3.27817468874e-06
3.316141948e-06
3.35481419065e-06
3.39420912864e-06
3.43434503516e-06
3.47524076612e-06
3.51691578263e-06
3.55939017441e-06
3.60268468436e-06
3.64682073419e-06
3.69182045125e-06
3.73770669661e-06
3.78450309444e-06
3.83223406277e-06
3.88092484572e-06
3.93060154726e-06
3.98129116657e-06
4.0330216351e-06
4.0858218555e-06
4.13972174236e-06
4.19475226502e-06
4.25094549249e-06
4.30833464056e-06
4.36695412141e-06
4.42683959558e-06
4.4880280267e-06
4.55055773898e-06
4.61446847769e-06
4.67980147281e-06
4.74659950599e-06
4.81490698108e-06
4.88476999842e-06
4.95623643308e-06
5.02935601741e-06
5.10418042802e-06
5.18076337754e-06
5.25916071155e-06
5.33943051081e-06
5.42163319929e-06
5.50583165833e-06
5.5920913473e-06
5.68048043122e-06
5.77106991582e-06
5.86393379041e-06
5.95914917931e-06
6.05679650218e-06
6.15695964404e-06
6.25972613554e-06
6.3651873442e-06
6.47343867752e-06
6.58457979855e-06
6.69871485507e-06
6.81595272317e-06
6.93640726637e-06
7.06019761136e-06
7.18744844165e-06
7.31829031039e-06
7.45285997381e-06
7.59130074689e-06
7.73376288295e-06
7.88040397888e-06
8.03138940827e-06
8.18689278438e-06
8.34709645553e-06
8.5121920355e-06
8.68238097175e-06
8.85787515448e-06
9.03889756998e-06
9.22568300155e-06
9.41847878215e-06
9.6175456031e-06
9.82315838365e-06
1.0035607207e-05
1.02551983284e-05
1.04822552621e-05
1.07171199538e-05
1.09601540463e-05
1.12117402472e-05
1.14722838073e-05
1.1742214121e-05
1.20219864585e-05
1.23120838446e-05
1.26130190965e-05
1.29253370358e-05
1.32496168938e-05
1.35864749272e-05
1.3936567266e-05
1.43005930181e-05
1.46792976552e-05
1.5073476711e-05
1.54839798228e-05
1.59117151548e-05
1.63576542421e-05
1.68228373028e-05
1.73083790686e-05
1.78154751926e-05
1.83454092975e-05
1.8899560739e-05
1.94794131661e-05
2.00865639704e-05
2.07227347296e-05
2.13897827652e-05
2.20897139463e-05
2.28246968932e-05
2.35970787532e-05
2.44094027454e-05
2.52644276957e-05
2.61651498194e-05
2.71148270374e-05
2.81170061593e-05
2.91755533087e-05
3.02946880229e-05
3.14790215179e-05
3.27335996839e-05
3.40639514549e-05
3.54761432885e-05
3.69768406007e-05
3.85733771177e-05
4.02738332445e-05
4.20871247032e-05
4.40231028654e-05
4.60926683911e-05
4.83078999941e-05
5.06822003701e-05
5.32304615508e-05
5.59692521681e-05
5.89170293066e-05
6.20943777681e-05
6.5524279615e-05
6.92324167318e-05
7.32475087496e-05
7.76016878512e-05
8.23309105065e-05
8.7475403741e-05
9.30801396606e-05
9.91953259838e-05
0.000105876891331
0.000113186930722
0.000121194057392
0.000129973579323
0.00013960737994
0.000150183328631
0.000161793974451
0.000174534182337
0.000188497254818
0.000203768948915
0.000220418665844
0.000238487000576
0.000257968866371
0.000278791684362
0.000300788837089
0.000323669950572
0.000346991764197
0.000370136299309
0.0003923061269
0.00041254830604
0.000429816784211
0.000443075601055
0.000451432006552
0.000454273439199
0.000451372847614
0.000442930547272
0.000429538957521
0.000412081489368
0.000391596245133
0.000369140510952
0.000345683586559
0.000322040416772
0.000298844697065
0.000276551977128
0.000255461012664
0.000235743181427
0.000217472873089
0.000200654814495
0.00018524660132
0.000171176163358
0.000158354657015
0.000146685583721
0.000136070972792
0.000126415378313
0.000117628304123
0.000109625532892
0.000102329714011
9.5670466952e-05
8.958418117e-05
8.40136375697e-05
7.89075358662e-05
7.42199833622e-05
6.9909980554e-05
6.5940925199e-05
6.22801471761e-05
5.88984803279e-05
5.57698734937e-05
5.28710404587e-05
5.01811470615e-05
4.76815328843e-05
4.5355464569e-05
4.31879177004e-05
4.11653842604e-05
3.92757028261e-05
3.75079088979e-05
3.58521029867e-05
3.42993343278e-05
3.28414983241e-05
3.14712460383e-05
3.01819042535e-05
2.89674048018e-05
2.78222220218e-05
2.67413173476e-05
2.57200901591e-05
2.47543341312e-05
2.38401984204e-05
2.2974153105e-05
2.21529583763e-05
2.13736370345e-05
2.06334499052e-05
1.99298738352e-05
1.92605819731e-05
1.86234260729e-05
1.80164205938e-05
1.74377283943e-05
1.68856478457e-05
1.63586012087e-05
1.58551241367e-05
1.53738561851e-05
1.491353222e-05
1.44729746309e-05
1.40510862657e-05
1.36468440118e-05
1.32592929596e-05
1.28875410871e-05
1.25307544171e-05
1.21881525969e-05
1.18590048624e-05
1.15426263469e-05
1.12383747036e-05
1.09456470109e-05
1.06638769348e-05
1.03925321241e-05
1.01311118172e-05
9.87914464122e-06
9.63618658626e-06
9.40181913947e-06
9.17564756405e-06
8.9572993114e-06
8.74642255439e-06
8.54268483154e-06
8.3457717928e-06
8.15538603823e-06
7.97124604198e-06
7.79308515446e-06
7.62065067645e-06
7.45370299914e-06
7.29201480501e-06
7.13537032462e-06
6.98356464491e-06
6.83640306506e-06
6.69370049616e-06
6.55528090142e-06
6.42097677377e-06
6.29062864805e-06
6.1640846453e-06
6.04120004667e-06
5.92183689477e-06
5.80586362062e-06
5.69315469419e-06
5.58359029692e-06
5.47705601463e-06
5.37344254949e-06
5.27264544954e-06
5.17456485473e-06
5.07910525827e-06
4.98617528216e-06
4.89568746615e-06
4.80755806907e-06
4.7217068817e-06
4.63805705058e-06
4.55653491185e-06
4.47706983462e-06
4.39959407315e-06
4.32404262737e-06
4.25035311118e-06
4.17846562791e-06
4.10832265279e-06
4.03986892166e-06
3.97305132582e-06
3.90781881241e-06
3.84412229014e-06
3.78191454007e-06
3.72115013093e-06
3.66178533899e-06
3.60377807197e-06
3.54708779693e-06
3.49167547179e-06
3.43750348036e-06
3.38453557056e-06
3.33273679586e-06
3.28207345947e-06
3.23251306138e-06
3.18402424796e-06
3.13657676402e-06
3.09014140716e-06
3.04468998434e-06
3.00019527046e-06
2.95663096903e-06
2.91397167449e-06
2.8721928365e-06
2.83127072574e-06
2.79118240131e-06
2.75190567973e-06
2.71341910518e-06
2.67570192123e-06
2.63873404378e-06
2.60249603519e-06
2.56696907964e-06
2.53213495944e-06
2.49797603254e-06
2.4644752109e-06
2.43161593983e-06
2.39938217827e-06
2.36775837982e-06
2.33672947468e-06
2.30628085226e-06
2.27639834461e-06
2.24706821044e-06
2.21827711992e-06
2.19001214002e-06
2.1622607205e-06
2.13501068043e-06
2.10825019529e-06
2.08196778462e-06
2.0561523001e-06
2.03079291411e-06
2.00587910884e-06
1.9814006657e-06
1.95734765524e-06
1.93371042741e-06
1.91047960226e-06
1.88764606091e-06
1.86520093695e-06
1.84313560812e-06
1.82144168832e-06
1.80011101995e-06
1.77913566649e-06
1.75850790539e-06
1.73822022119e-06
1.71826529897e-06
1.69863601794e-06
1.67932544537e-06
1.66032683063e-06
1.64163359956e-06
1.62323934896e-06
1.60513784128e-06
1.5873229996e-06
1.56978890265e-06
1.55252978008e-06
1.53554000792e-06
1.51881410415e-06
1.50234672441e-06
1.48613265795e-06
1.47016682362e-06
1.45444426604e-06
1.43896015191e-06
1.42370976643e-06
1.40868850987e-06
1.39389189417e-06
1.3793155398e-06
1.36495517256e-06
1.35080662063e-06
1.33686581163e-06
1.32312876978e-06
1.30959161321e-06
1.29625055133e-06
1.28310188222e-06
1.27014199025e-06
1.2573673436e-06
1.244774492e-06
1.23236006451e-06
1.2201207673e-06
1.20805338157e-06
1.19615476155e-06
1.18442183248e-06
1.17285158874e-06
1.161441092e-06
1.15018746939e-06
1.13908791183e-06
1.12813967228e-06
1.11734006416e-06
1.10668645973e-06
1.09617628861e-06
1.08580703621e-06
1.07557624238e-06
1.06548149994e-06
1.05552045335e-06
1.04569079742e-06
1.03599027596e-06
1.02641668062e-06
1.01696784962e-06
1.00764166663e-06
9.98436059606e-07
9.89348999686e-07
9.80378500137e-07
9.71522615304e-07
9.62779439605e-07
9.54147106543e-07
9.45623787757e-07
9.37207692093e-07
9.28897064708e-07
9.2069018619e-07
9.12585371709e-07
9.04580970188e-07
8.966753635e-07
8.8886696569e-07
8.81154222205e-07
8.73535609165e-07
8.66009632636e-07
8.5857482793e-07
8.51229758931e-07
8.43973017422e-07
8.36803222451e-07
8.29719019693e-07
8.22719080851e-07
8.15802103045e-07
8.08966808252e-07
8.02211942727e-07
7.95536276465e-07
7.88938602655e-07
7.82417737174e-07
7.75972518068e-07
7.69601805063e-07
7.63304479083e-07
7.57079441785e-07
7.50925615093e-07
7.44841940766e-07
7.38827379952e-07
7.32880912771e-07
7.27001537905e-07
7.21188272193e-07
7.15440150237e-07
7.09756224026e-07
7.04135562562e-07
6.98577251492e-07
6.93080392762e-07
6.87644104264e-07
6.82267519504e-07
6.76949787271e-07
6.71690071317e-07
6.66487550048e-07
6.61341416207e-07
6.56250876595e-07
6.51215151759e-07
6.46233475725e-07
6.41305095713e-07
6.36429271868e-07
6.31605276995e-07
6.26832396308e-07
6.22109927166e-07
6.17437178839e-07
6.12813472262e-07
6.08238139803e-07
6.03710525031e-07
5.99229982498e-07
5.94795877512e-07
5.90407585934e-07
5.86064493961e-07
5.81765997928e-07
5.77511504104e-07
5.733004285e-07
5.69132196684e-07
5.65006243584e-07
5.60922013314e-07
5.56878958997e-07
5.52876542588e-07
5.48914234706e-07
5.44991514468e-07
5.41107869325e-07
5.37262794906e-07
5.33455794864e-07
5.29686380719e-07
5.25954071713e-07
5.22258394667e-07
5.18598883835e-07
5.14975080763e-07
5.11386534165e-07
5.07832799773e-07
5.04313440222e-07
5.00828024912e-07
4.97376129892e-07
4.93957337729e-07
4.90571237398e-07
4.87217424157e-07
4.83895499439e-07
4.80605070735e-07
4.77345751489e-07
4.74117160987e-07
4.70918924255e-07
4.67750671953e-07
4.64612040277e-07
4.61502670858e-07
4.58422210668e-07
4.55370311923e-07
4.52346631994e-07
4.4935083331e-07
4.46382583275e-07
4.43441554178e-07
4.40527423109e-07
4.37639871874e-07
4.34778586913e-07
4.31943259223e-07
4.29133584274e-07
4.26349261936e-07
4.23589996404e-07
4.20855496119e-07
4.18145473702e-07
4.15459645876e-07
4.12797733401e-07
4.10159461006e-07
4.0754455732e-07
4.04952754803e-07
4.02383789692e-07
3.99837401925e-07
3.97313335087e-07
3.94811336349e-07
3.92331156405e-07
3.89872549416e-07
3.87435272953e-07
3.85019087938e-07
3.82623758593e-07
3.80249052381e-07
3.77894739959e-07
3.7556059512e-07
3.73246394746e-07
3.70951918755e-07
3.68676950055e-07
3.66421274493e-07
3.64184680809e-07
3.61966960589e-07
3.5976790822e-07
3.57587320847e-07
3.55424998322e-07
3.53280743171e-07
3.51154360544e-07
3.49045658177e-07
3.46954446351e-07
3.44880537849e-07
3.42823747922e-07
3.40783894245e-07
3.38760796883e-07
3.36754278252e-07
3.34764163083e-07
3.32790278386e-07
3.30832453414e-07
3.28890519632e-07
3.26964310676e-07
3.25053662326e-07
3.23158412473e-07
3.21278401082e-07
3.19413470164e-07
3.17563463745e-07
3.15728227834e-07
3.13907610395e-07
3.12101461312e-07
3.10309632371e-07
3.0853197722e-07
3.06768351347e-07
3.05018612053e-07
3.03282618421e-07
3.01560231293e-07
2.99851313244e-07
2.98155728555e-07
2.96473343186e-07
2.94804024757e-07
2.93147642516e-07
2.91504067323e-07
2.89873171619e-07
2.88254829409e-07
2.86648916237e-07
2.85055309162e-07
2.83473886738e-07
2.81904528993e-07
2.80347117406e-07
2.78801534886e-07
2.77267665753e-07
2.75745395718e-07
2.74234611861e-07
2.72735202614e-07
2.7124705774e-07
2.69770068313e-07
2.68304126705e-07
2.66849126561e-07
2.65404962784e-07
2.63971531519e-07
2.6254873013e-07
2.61136457192e-07
2.59734612465e-07
2.58343096884e-07
2.56961812538e-07
2.55590662655e-07
2.54229551592e-07