200.0
200.4
200.8
201.2
201.6
202.0
202.4
202.8
203.2
203.6
204.0
204.4
204.8
205.2
205.6
206.0
206.4
206.8
207.2
207.6
208.0
208.4
208.8
209.2
209.6
210.0
210.4
210.8
211.2
211.6
212.0
212.4
212.8
213.2
213.6
214.0
214.4
214.8
215.2
215.6
216.0
216.4
216.8
217.2
217.6
218.0
218.4
218.8
219.2
219.6
220.0
220.4
220.8
221.2
221.6
222.0
222.4
222.8
223.2
223.6
224.0
224.4
224.8
225.2
225.6
226.0
226.4
226.8
227.2
227.6
228.0
228.4
228.8
229.2
229.6
230.0
230.4
230.8
231.2
231.6
232.0
232.4
232.8
233.2
233.6
234.0
234.4
234.8
235.2
235.6
236.0
236.4
236.8
237.2
237.6
238.0
238.4
238.8
239.2
239.6
240.0
240.4
240.8
241.2
241.6
242.0
242.4
242.8
243.2
243.6
244.0
244.4
244.8
245.2
245.6
246.0
246.4
246.8
247.2
247.6
248.0
248.4
248.8
249.2
249.6
250.0
250.4
250.8
251.2
251.6
252.0
252.4
252.8
253.2
253.6
254.0
254.4
254.8
255.2
255.6
256.0
256.4
256.8
257.2
257.6
258.0
258.4
258.8
259.2
259.6
260.0
260.4
260.8
261.2
261.6
262.0
262.4
262.8
263.2
263.6
264.0
264.4
264.8
265.2
265.6
266.0
266.4
266.8
267.2
267.6
268.0
268.4
268.8
269.2
269.6
270.0
270.4
270.8
271.2
271.6
272.0
272.4
272.8
273.2
273.6
274.0
274.4
274.8
275.2
275.6
276.0
276.4
276.8
277.2
277.6
278.0
278.4
278.8
279.2
279.6
280.0
280.4
280.8
281.2
281.6
282.0
282.4
282.8
283.2
283.6
284.0
284.4
284.8
285.2
285.6
286.0
286.4
286.8
287.2
287.6
288.0
288.4
288.8
289.2
289.6
290.0
290.4
290.8
291.2
291.6
292.0
292.4
292.8
293.2
293.6
294.0
294.4
294.8
295.2
295.6
296.0
296.4
296.8
297.2
297.6
298.0
298.4
298.8
299.2
299.6
300.0
300.4
300.8
301.2
301.6
302.0
302.4
302.8
303.2
303.6
304.0
304.4
304.8
305.2
305.6
306.0
306.4
306.8
307.2
307.6
308.0
308.4
308.8
309.2
309.6
310.0
310.4
310.8
311.2
311.6
312.0
312.4
312.8
313.2
313.6
314.0
314.4
314.8
315.2
315.6
316.0
316.4
316.8
317.2
317.6
318.0
318.4
318.8
319.2
319.6
320.0
320.4
320.8
321.2
321.6
322.0
322.4
322.8
323.2
323.6
324.0
324.4
324.8
325.2
325.6
326.0
326.4
326.8
327.2
327.6
328.0
328.4
328.8
329.2
329.6
330.0
330.4
330.8
331.2
331.6
332.0
332.4
332.8
333.2
333.6
334.0
334.4
334.8
335.2
335.6
336.0
336.4
336.8
337.2
337.6
338.0
338.4
338.8
339.2
339.6
340.0
340.4
340.8
341.2
341.6
342.0
342.4
342.8
343.2
343.6
344.0
344.4
344.8
345.2
345.6
346.0
346.4
346.8
347.2
347.6
348.0
348.4
348.8
349.2
349.6
350.0
350.4
350.8
351.2
351.6
352.0
352.4
352.8
353.2
353.6
354.0
354.4
354.8
355.2
355.6
356.0
356.4
356.8
357.2
357.6
358.0
358.4
358.8
359.2
359.6
360.0
360.4
360.8
361.2
361.6
362.0
362.4
362.8
363.2
363.6
364.0
364.4
364.8
365.2
365.6
366.0
366.4
366.8
367.2
367.6
368.0
368.4
368.8
369.2
369.6
370.0
370.4
370.8
371.2
371.6
372.0
372.4
372.8
373.2
373.6
374.0
374.4
374.8
375.2
375.6
376.0
376.4
376.8
377.2
377.6
378.0
378.4
378.8
379.2
379.6
380.0
380.4
380.8
381.2
381.6
382.0
382.4
382.8
383.2
383.6
384.0
384.4
384.8
385.2
385.6
386.0
386.4
386.8
387.2
387.6
388.0
388.4
388.8
389.2
389.6
390.0
390.4
390.8
391.2
391.6
392.0
392.4
392.8
393.2
393.6
394.0
394.4
394.8
395.2
395.6
396.0
396.4
396.8
397.2
397.6
398.0
398.4
398.8
399.2
399.6
400.0
400.4
400.8
401.2
401.6
402.0
402.4
402.8
403.2
403.6
404.0
404.4
404.8
405.2
405.6
406.0
406.4
406.8
407.2
407.6
408.0
408.4
408.8
409.2
409.6
410.0
410.4
410.8
411.2
411.6
412.0
412.4
412.8
413.2
413.6
414.0
414.4
414.8
415.2
415.6
416.0
416.4
416.8
417.2
417.6
418.0
418.4
418.8
419.2
419.6
420.0
420.4
420.8
421.2
421.6
422.0
422.4
422.8
423.2
423.6
424.0
424.4
424.8
425.2
425.6
426.0
426.4
426.8
427.2
427.6
428.0
428.4
428.8
429.2
429.6
430.0
430.4
430.8
431.2
431.6
432.0
432.4
432.8
433.2
433.6
434.0
434.4
434.8
435.2
435.6
436.0
436.4
436.8
437.2
437.6
438.0
438.4
438.8
439.2
439.6
440.0
440.4
440.8
441.2
441.6
442.0
442.4
442.8
443.2
443.6
444.0
444.4
444.8
445.2
445.6
446.0
446.4
446.8
447.2
447.6
448.0
448.4
448.8
449.2
449.6
450.0
450.4
450.8
451.2
451.6
452.0
452.4
452.8
453.2
453.6
454.0
454.4
454.8
455.2
455.6
456.0
456.4
456.8
457.2
457.6
458.0
458.4
458.8
459.2
459.6
460.0
460.4
460.8
461.2
461.6
462.0
462.4
462.8
463.2
463.6
464.0
464.4
464.8
465.2
465.6
466.0
466.4
466.8
467.2
467.6
468.0
468.4
468.8
469.2
469.6
470.0
470.4
470.8
471.2
471.6
472.0
472.4
472.8
473.2
473.6
474.0
474.4
474.8
475.2
475.6
476.0
476.4
476.8
477.2
477.6
478.0
478.4
478.8
479.2
479.6
480.0
480.4
480.8
481.2
481.6
482.0
482.4
482.8
483.2
483.6
484.0
484.4
484.8
485.2
485.6
486.0
486.4
486.8
487.2
487.6
488.0
488.4
488.8
489.2
489.6
490.0
490.4
490.8
491.2
491.6
492.0
492.4
492.8
493.2
493.6
494.0
494.4
494.8
495.2
495.6
496.0
496.4
496.8
497.2
497.6
498.0
498.4
498.8
499.2
499.6
500.0
500.4
500.8
501.2
501.6
502.0
502.4
502.8
503.2
503.6
504.0
504.4
504.8
505.2
505.6
506.0
506.4
506.8
507.2
507.6
508.0
508.4
508.8
509.2
509.6
510.0
510.4
510.8
511.2
511.6
512.0
512.4
512.8
513.2
513.6
514.0
514.4
514.8
515.2
515.6
516.0
516.4
516.8
517.2
517.6
518.0
518.4
518.8
519.2
519.6
520.0
520.4
520.8
521.2
521.6
522.0
522.4
522.8
523.2
523.6
524.0
524.4
524.8
525.2
525.6
526.0
526.4
526.8
527.2
527.6
528.0
528.4
528.8
529.2
529.6
530.0
530.4
530.8
531.2
531.6
532.0
532.4
532.8
533.2
533.6
534.0
534.4
534.8
535.2
535.6
536.0
536.4
536.8
537.2
537.6
538.0
538.4
538.8
539.2
539.6
540.0
540.4
540.8
541.2
541.6
542.0
542.4
542.8
543.2
543.6
544.0
544.4
544.8
545.2
545.6
546.0
546.4
546.8
547.2
547.6
548.0
548.4
548.8
549.2
549.6
550.0
550.4
550.8
551.2
551.6
552.0
552.4
552.8
553.2
553.6
554.0
554.4
554.8
555.2
555.6
556.0
556.4
556.8
557.2
557.6
558.0
558.4
558.8
559.2
559.6
560.0
560.4
560.8
561.2
561.6
562.0
562.4
562.8
563.2
563.6
564.0
564.4
564.8
565.2
565.6
566.0
566.4
566.8
567.2
567.6
568.0
568.4
568.8
569.2
569.6
570.0
570.4
570.8
571.2
571.6
572.0
572.4
572.8
573.2
573.6
574.0
574.4
574.8
575.2
575.6
576.0
576.4
576.8
577.2
577.6
578.0
578.4
578.8
579.2
579.6
580.0
580.4
580.8
581.2
581.6
582.0
582.4
582.8
583.2
583.6
584.0
584.4
584.8
585.2
585.6
586.0
586.4
586.8
587.2
587.6
588.0
588.4
588.8
589.2
589.6
590.0
590.4
590.8
591.2
591.6
592.0
592.4
592.8
593.2
593.6
594.0
594.4
594.8
595.2
595.6
596.0
596.4
596.8
597.2
597.6
598.0
598.4
598.8
599.2
599.6