-0.087954089248
0.394759522998
0.768507810962
0.800538180518
0.50492646303
0.104082662022
-0.20813002988
-0.370082534428
-0.392980851691
-0.294614671897
-0.0943974397176
0.153271540696
0.34708356425
0.393887728509
0.283892032952
0.0925919888092
-0.0875602874965
-0.20096026993
-0.231362045704
-0.183674028895
-0.0762039090602
0.0556306700666
0.162018199305
0.200059522399
0.159806860378
0.0684790639481
-0.0306889815602
-0.102494332922
-0.129445899518
-0.109898916174
-0.0544566123313
0.0162147868067
0.0759588961836
0.102866795132
0.0896352814791
0.0462938467069
-0.00686154370593
-0.0498315128857
-0.0699381348323
-0.0637610091123
-0.0362404761335
0.00138996925194
0.0350664525822
0.0529018168391
0.049916330246
0.0296537591602
0.00167770880127
-0.0231528295128
-0.0368012777676
-0.0361154019235
-0.022987414857
-0.00320615352218
0.0156653551631
0.027003694185
0.0275323065882
0.0183054343095
0.00380943503235
-0.0101971397833
-0.0189335599997
-0.0200577208551
-0.0140770251032
-0.00384189586091
0.00662399844477
0.0136088237576
0.0150177749641
0.01098934771
0.00359523514776
-0.00415987489776
-0.00953267640216
-0.0109507833245
-0.00838791265042
-0.00318603385916
0.00254678400786
0.00674097777488
0.00809228608674
0.00645031974202
0.00274380998258
-0.00148214550022
-0.00469036196772
-0.00588544201605
-0.00488768252911
-0.00229680316391
0.000801945104647
0.00326636155407
0.00430389869529
0.00371424643539
0.00189374136946
-0.000375319401634
-0.00224705347711
-0.00311525342837
-0.00279445652906
-0.00153410462865
0.000117791193713
0.00153862799296
0.00225726143724
0.00210278370055
0.00123064550105
2.98984849486e-05
-0.00104117465716
-0.00162362652749
-0.00157104087131
-0.000975392596964
-0.000107463886523
0.000697900865785
0.00116608388392
0.00117213059728
0.000767496102468
0.000141528886839
-0.000461085763938
-0.000832456963674
-0.000869726940098
-0.000598627453558
-0.00014958433679
0.000299839381932
0.000592396203469
0.000643871292708
0.000464192852099
0.000143053065869
-0.000190800468948
-0.000419175896403
-0.000474502690401
-0.000357517569862
-0.00012907503681
0.000118052589985
0.00029527737922
0.000348703532965
0.000273990346429
0.000112134833212
-7.01452294048e-05
-0.000206745565376
-0.00025521308605
-0.000208827054328
-9.47983841642e-05
3.91674037827e-05
0.000143914582068
0.000186195471942
0.000158463046511
7.85353055961e-05
-1.9581878563e-05
-9.94700579417e-05
-0.00013531235888
-0.000119685823893
-6.40209444582e-05
7.5786038358e-06
6.82295575077e-05
9.7991274723e-05
9.00364932771e-05
5.15202888247e-05
-5.44192038804e-07
-4.63800621659e-05
-7.06830210785e-05
-6.74527323811e-05
-4.10109668808e-05
-3.29406309544e-06
3.12024978621e-05
5.07891064065e-05
5.03449890982e-05
3.23479118357e-05
5.12659538616e-06
-2.07306701616e-05
-3.63407096679e-05
-3.74335934484e-05
-2.53104039553e-05
-5.7423897265e-06
1.3565019767e-05
2.58906703552e-05
2.77339349681e-05
1.96656204933e-05
5.65631371788e-06
-8.70639601171e-06
-1.83593378995e-05
-2.04733274341e-05
-1.51832993551e-05
-5.19743165801e-06
5.44809002438e-06
1.29543217777e-05
1.50604728542e-05
1.16561729896e-05
4.57075130393e-06
-3.29137597463e-06
-9.09099155012e-06
-1.10392997884e-05
-8.90158754125e-06
-3.89909504944e-06
1.88680546608e-06
6.34211216902e-06
8.06318877354e-06
6.76523470057e-06
3.25215716624e-06
-9.90774701223e-07
-4.3953016504e-06
-5.86817252649e-06
-5.11833766353e-06
-2.66570334695e-06
4.34686325947e-07
3.0236080714e-06
4.25508621463e-06
3.85589302288e-06
2.15468507133e-06
-1.0270685332e-07